8 109 97 139 207
9 108 101 139 211
10 105 102 135 209
11 103 106 133 212
12 93 113 127 222
13 89 112 123 221
14 86 109 119 218
15 83 106 117 214
16 75 109 112 205
17 77 108 116 207
18 75 108 113 205
19 78 109 115 204
20 80 111 117 205
21 79 110 119 197
22 80 110 120 198
23 82 109 122 197
24 86 110 124 195
25 86 109 124 193
26 94 101 128 195
27 95 104 129 198
28 96 106 130 201
29 98 107 132 199
30 100 103 134 197
31 104 91 138 193
32 103 88 137 190
33 100 86 135 190
34 99 86 134 191
35 100 87 135 191
36 102 83 136 199
37 103 84 136 197
38 101 85 134 198
39 102 83 137 200
40 100 80 134 195
41 103 84 132 196
42 100 82 131 197
43 99 81 130 198
44 98 82 129 198
45 98 86 128 200
46 93 94 123 198
47 90 93 120 197
48 86 92 116 196
49 82 91 112 196
50 79 87 110 193
51 72 92 106 183
52 70 95 105 186
53 71 99 105 190
54 72 102 106 192
55 73 105 107 195
56 72 97 106 193
57 75 96 109 190
58 78 97 112 193
59 79 98 115 195
60 81 92 117 190
61 86 89 124 194
62 89 90 128 195
63 92 92 131 200
64 93 93 132 199
65 95 91 133 196
66 100 87 136 197
67 98 85 134 195
68 94 86 131 197
69 92 84 129 195
70 89 83 126 196
71 91 81 125 191
72 89 78 123 187
73 86 79 119 188
74 82 80 116 190
75 80 77 113 187
76 77 79 111 187
77 74 79 107 185
78 71 77 104 185
79 64 77 97 185
80 65 80 99 190
81 61 84 95 193
82 60 81 94 190
83 55 78 89 186
84 51 72 84 180
85 52 76 83 173
86 51 75 80 168
87 47 72 79 172
88 48 70 79 167
89 44 66 76 166
90 46 66 77 163
91 104 86 134 180
92 107 85 137 179
93 112 85 142 179
94 115 86 145 180
95 110 89 147 195
96 113 89 148 193
97 114 93 150 196
98 114 94 150 198
99 115 95 151 197
100 116 96 151 198
101 114 94 154 206
102 115 91 156 207
103 113 86 155 202
104 113 83 154 198
105 111 76 156 192
106 114 76 159 192
107 111 75 157 192
108 116 79 159 189
109 113 77 156 187
110 109 73 153 185
111 110 70 153 182
112 110 61 146 174
113 106 59 142 171
114 103 56 139 169
115 100 56 137 170
116 94 60 125 178
117 93 66 124 185
118 91 69 123 190
119 89 72 121 190
120 87 76 117 192
121 81 86 109 193
122 83 85 112 196
123 89 85 117 193
124 90 86 119 198
125 95 89 122 193
126 97 91 124 194
127 99 101 130 192
128 102 104 134 195
129 106 107 137 198
130 107 103 138 195
131 113 106 145 196
132 114 105 147 197
133 116 109 149 201
134 115 111 148 203
135 118 114 151 206
136 121 112 158 214
137 120 115 156 214
138 122 118 157 218
139 123 116 159 216
140 121 115 157 216
141 121 115 157 216
142 119 109 160 227
143 120 113 161 230
144 123 116 163 231
145 121 115 161 230
146 116 109 165 244
147 117 108 166 244
148 115 106 164 242
149 119 104 167 239
150 121 104 169 237
151 125 100 169 236
152 126 101 170 235
153 128 96 171 233
154 128 93 172 229
155 125 91 168 225
156 119 89 162 214
157 116 85 160 211
158 116 80 161 210
159 113 78 159 208
160 112 80 157 208
161 110 84 146 197
162 114 86 150 198
163 118 87 153 199
164 121 89 157 205
165 122 86 160 203
166 128 88 163 196
167 127 88 162 197
168 128 89 163 198
169 128 93 163 200
170 129 96 163 201
171 137 101 167 202
172 133 98 164 202
173 132 101 162 203
174 132 98 163 201
175 129 95 160 199
176 128 95 158 198
177 127 96 159 211
178 130 100 162 214
179 129 101 160 214
180 127 101 159 215
181 123 101 158 223
182 125 101 160 223
183 126 101 161 221
184 128 98 162 217
185 124 99 159 220
186 110 99 153 230
187 111 104 154 234
188 107 107 148 232
189 104 100 146 226
190 102 96 144 224
191 93 98 144 208
192 94 93 147 206
193 96 88 150 203
194 101 90 154 204
195 99 93 152 205
196 96 106 148 214
197 102 108 153 216
198 106 106 156 214
199 107 104 158 213
200 108 102 160 211
201 104 100 156 210
202 102 101 154 211
203 113 107 161 213
204 118 113 167 219
205 122 115 170 220
206 119 113 168 220
207 130 108 175 221
208 128 107 173 221
209 127 106 173 221
210 127 107 174 224
211 127 111 173 228
212 136 108 180 223
213 140 110 183 223
214 137 115 179 225
215 136 118 177 226
216 134 122 175 230
217 136 122 174 236
218 132 123 171 238
219 130 125 168 239
220 125 126 163 240
221 124 129 163 245
222 118 137 156 259
223 120 136 157 256
224 117 132 154 251
225 116 129 153 247
226 112 124 149 241
227 108 120 146 241
228 103 114 142 236
229 98 110 137 235
230 100 113 138 233
231 99 114 137 235
232 100 107 139 230
233 96 106 135 228
234 96 105 136 230
235 97 103 137 229
236 99 100 139 226
237 98 91 139 212
238 93 88 135 212
239 90 83 131 205
240 93 84 135 207
241 98 86 142 214
242 98 83 150 220
243 104 88 156 222
244 106 84 157 217
245 108 83 159 218
246 104 83 157 221
247 107 85 155 204
248 107 85 157 208
249 109 85 161 212
250 107 89 159 217
251 112 95 164 224
252 118 100 163 219
253 121 99 167 219
254 125 100 172 222
255 126 102 172 223
256 124 104 171 227
257 126 110 163 232
258 127 112 163 233
259 127 113 163 234
260 130 110 166 234
261 131 112 168 237
262 129 117 166 244
263 131 118 168 246
264 131 119 168 246
265 128 122 163 246
266 117 128 154 254
267 112 131 154 263
268 112 132 155 265
269 111 128 155 264
270 113 124 158 263
271 112 121 158 263
272 103 115 152 263
273 105 114 153 258
274 105 112 153 256
275 107 112 154 256
276 103 113 149 252
277 94 109 139 245
278 94 108 139 245
279 94 107 138 244
280 93 108 137 241
281 91 108 134 238
282 87 111 131 224
283 86 114 129 225
284 91 120 134 231
285 93 120 136 231
286 99 121 138 239
287 99 123 139 238
288 100 122 139 236
289 103 124 141 236
290 100 121 137 232
291 101 113 141 243
292 104 119 144 248
293 106 120 146 250
294 107 121 147 250
295 103 118 143 249
296 98 113 148 261
297 95 113 145 259
298 95 116 144 263
299 99 116 148 260
300 99 117 148 262
301 100 122 148 266
302 98 122 146 269
303 98 120 146 265
304 94 116 142 261
305 96 113 143 258
306 95 119 142 255
307 91 118 138 256
308 86 120 134 257
