154 397 147 443 254
155 398 145 445 254
156 398 140 444 250
157 396 139 444 251
158 401 144 445 246
159 399 146 442 246
160 401 144 444 245
161 405 141 448 243
162 403 145 447 247
163 403 145 447 247
164 406 147 460 243
165 409 149 463 243
166 410 150 464 243
167 414 149 468 242
168 418 149 472 243
169 421 146 478 245
170 425 147 493 243
171 431 144 501 241
172 431 148 499 242
173 438 148 503 240
174 442 148 506 238
175 452 150 508 249
176 454 150 509 250
177 456 149 513 250
178 458 147 515 250
179 460 145 516 245
180 463 145 517 242
181 467 149 508 242
182 468 148 508 241
183 467 148 507 242
184 469 149 510 243
185 468 150 508 243
186 470 154 510 245
187 470 160 500 249
188 471 161 501 250
189 469 159 501 251
190 470 158 500 248
191 469 158 500 249
192 469 159 500 253
193 460 159 491 253
194 458 156 490 253
195 456 156 488 253
196 454 157 486 253
197 453 156 484 252
198 449 159 479 238
199 448 159 478 238
200 448 159 477 237
201 447 154 477 232
202 448 154 478 233
203 450 157 480 220
204 451 156 480 219
205 450 156 480 219
206 452 155 481 218
207 452 153 482 217
208 449 154 479 217
209 450 152 479 216
210 446 155 480 222
211 444 154 477 220
212 442 153 475 219
213 444 151 477 218
214 443 152 476 219
215 442 157 474 222
216 441 161 473 224
217 442 159 474 222
218 444 157 476 218
219 442 156 474 218
220 444 157 476 219
221 443 158 475 220
222 445 159 477 220
223 446 162 477 228
224 445 161 477 229
225 446 158 479 229
226 446 161 479 232
227 447 160 480 231
228 448 158 483 232
229 451 148 487 231
230 452 145 488 227
231 450 144 486 226
232 452 144 488 226
233 453 144 489 224
234 453 146 487 224
235 449 137 488 213
236 451 136 490 212
237 455 137 494 213
238 449 139 488 216
239 452 138 491 215
240 454 138 494 215
241 454 130 493 207
242 445 118 484 202
243 440 123 478 204
244 427 118 466 203
245 411 127 448 207
246 397 124 436 208
247 392 124 430 205
248 390 126 427 210
248 494 125 545 205
249 394 127 431 211
249 497 123 546 202
250 395 126 433 211
250 503 122 552 201
251 401 123 438 207
251 502 120 553 201
252 402 122 439 205
252 502 116 554 199
253 401 125 437 204
253 502 115 553 197
254 401 124 436 203
254 503 114 554 197
255 401 129 436 209
255 506 111 555 194
256 400 133 435 212
256 503 111 553 194
257 398 137 432 214
257 501 112 549 193
258 395 139 429 216
258 498 109 547 191
259 395 138 429 213
259 496 113 545 195
260 394 138 427 213
260 496 112 545 194
261 392 139 426 215
261 503 112 545 191
262 391 140 425 217
262 501 112 543 192
263 390 141 425 219
263 499 113 540 191
264 390 140 424 216
264 495 112 536 191
265 388 140 423 216
265 494 110 535 188
266 388 137 423 216
266 493 109 534 187
267 387 135 422 213
267 490 107 532 186
268 387 136 421 212
268 486 107 528 188
269 382 127 421 202
269 491 108 525 179
270 379 125 418 201
270 491 107 525 178
271 380 120 421 198
271 489 106 523 177
272 380 117 421 195
272 488 102 522 173
273 381 113 422 191
273 484 98 518 171
274 382 109 422 186
274 481 96 517 171
275 382 113 422 193
275 483 96 512 160
276 383 108 422 187
276 482 95 510 161
277 380 106 419 186
277 481 92 510 157
278 378 103 418 183
278 481 89 510 155
279 379 100 418 179
279 481 87 510 153
280 379 97 419 177
280 480 87 509 153
281 377 98 419 181
281 482 90 508 140
282 375 96 417 181
282 483 90 509 141
283 370 95 413 180
283 483 88 509 139
284 371 92 413 179
284 485 88 510 137
285 370 89 414 178
285 485 86 510 136
286 367 87 412 178
286 486 86 511 135
287 395 178 433 254
287 490 84 512 146
288 397 178 435 254
288 491 84 513 145
289 396 178 433 253
289 491 83 513 144
290 398 180 435 255
290 493 82 515 143
291 396 178 434 255
291 495 79 516 140
292 397 176 437 254
292 493 78 515 139
293 396 177 436 255
293 493 77 514 138
294 396 176 436 254
294 495 79 517 140
295 394 175 436 257
295 493 79 515 141
296 391 174 435 261
296 492 80 514 142
297 391 174 437 264
297 493 80 514 141
298 387 173 437 270
298 491 80 512 140
299 387 176 437 275
299 489 81 510 141
300 386 175 437 274
300 486 83 507 142
301 385 173 437 274
301 483 83 504 143
302 381 171 433 272
302 480 82 501 143
303 379 168 431 270
303 477 81 498 142
304 374 172 426 274
304 472 80 494 142
305 369 176 420 277
305 468 81 490 143
306 357 177 409 289
306 463 78 487 157
307 352 177 404 291
307 460 81 484 160
308 348 176 400 291
308 456 81 480 160
309 343 175 399 297
309 455 86 479 165
310 337 173 396 302
310 453 88 477 167
311 335 176 394 304
311 451 87 475 167
312 338 178 397 306
312 444 78 472 173
313 337 181 394 307
313 444 82 472 176
314 337 182 395 308
314 442 82 471 178
315 339 180 397 307
315 442 82 471 178
316 337 179 395 307
316 443 79 471 176
317 332 181 387 303
317 432 77 468 176
318 334 183 388 302
318 428 84 462 180
319 333 185 386 303
319 426 88 459 182
320 336 187 388 303
320 424 91 459 190
321 336 189 388 304
321 421 94 456 193
322 337 190 389 305
322 418 97 454 197
323 347 190 390 297
323 415 100 451 201
324 347 187 392 297
324 412 102 450 206
325 348 184 395 300
325 411 104 447 206
326 352 186 398 301
326 409 106 446 209
327 355 189 402 305
327 408 111 444 211
328 356 187 404 304
328 408 114 443 214
329 367 188 407 296
329 402 119 438 210
330 369 186 410 295
330 402 121 438 211
331 371 183 412 292
331 401 123 437 214
332 370 184 411 292
332 401 122 438 215
333 371 185 412 293
333 400 119 438 214
334 374 188 413 293
334 402 120 438 213
335 373 189 411 293
335 401 120 438 213
336 378 187 417 291
336 403 123 441 218
337 381 187 420 293
337 404 124 441 217
338 382 186 422 291
338 407 126 442 216
339 383 186 422 291
339 408 124 443 214
340 388 190 427 295
340 410 124 445 212
341 390 190 429 296
341 409 125 444 213
342 393 190 432 296
342 410 127 445 215
343 395 189 434 294
343 410 129 445 217
344 396 187 435 291
344 410 130 445 217
345 397 187 436 291
345 410 129 445 216
346 396 189 435 292
346 410 129 444 215
347 397 189 435 293
347 410 130 444 215
348 396 188 436 293
348 410 131 444 216
349 397 186 437 292
349 409 132 443 217
350 396 186 435 292
350 410 133 443 217
351 396 185 436 293
351 411 133 444 217
