8 38 59 62 107
9 39 58 62 105
10 40 57 63 104
11 39 58 62 106
12 38 60 62 107
19 44 59 62 105
20 44 61 62 107
21 46 60 65 108
22 47 63 65 110
23 48 69 67 113
24 50 69 69 114
25 52 71 71 115
26 53 71 72 115
27 55 72 73 116
34 62 91 77 122
35 63 90 78 121
36 64 88 80 119
37 65 88 80 119
38 60 92 76 124
39 61 91 77 122
40 63 90 78 122
41 62 90 78 122
42 62 92 77 124
43 62 90 78 121
44 63 89 79 122
45 62 90 78 122
46 62 90 78 123
47 62 91 78 124
48 62 89 78 122
49 63 90 79 123
50 62 90 78 124
51 62 91 78 124
52 62 92 78 126
53 62 91 78 124
54 62 92 78 125
55 62 93 78 127
56 61 94 77 127
57 61 94 77 128
58 61 92 78 126
59 61 92 78 126
60 60 92 77 125
61 59 91 76 125
62 59 87 78 124
63 59 87 79 124
64 58 87 78 123
65 58 86 78 123
66 57 85 77 122
67 57 80 82 120
68 56 80 80 118
69 56 78 80 117
70 55 78 79 117
71 56 77 79 115
72 54 76 77 114
73 54 75 78 113
74 53 75 77 112
75 53 74 76 112
76 53 73 76 111
77 53 68 77 106
78 53 67 77 105
79 52 66 76 104
80 53 65 77 103
81 55 65 79 101
82 55 64 79 100
83 55 63 79 98
84 55 62 79 98
85 56 62 79 97
86 59 64 79 97
87 60 62 80 96
88 60 62 81 96
89 61 61 81 94
90 63 61 83 94
91 64 60 84 93
92 65 60 85 93
93 67 59 87 92
94 68 58 88 92
95 69 58 90 92
96 71 58 95 96
97 72 59 96 97
98 73 60 97 98
99 75 61 99 99
100 75 62 100 100
101 77 63 102 101
102 78 63 103 102
103 80 64 105 103
104 81 65 106 103
105 81 66 105 104
106 83 67 107 105
107 84 68 108 106
108 85 69 109 107
109 86 70 111 108
110 87 70 112 108
111 88 71 112 109
112 89 71 114 110
113 91 72 115 110
114 92 72 116 110
115 93 73 118 110
116 95 73 119 110
117 97 73 121 110
118 98 73 123 110
119 100 72 124 109
120 101 72 125 109
121 95 76 115 117
122 96 76 116 117
123 97 76 117 118
124 98 77 119 119
125 99 77 120 120
126 100 77 121 121
127 101 77 122 121
128 105 76 123 123
129 106 77 124 124
130 107 77 125 125
131 109 78 127 125
132 110 78 128 125
133 114 77 131 124
134 115 77 132 123
135 116 76 133 123
136 118 75 135 123
137 119 75 136 123
138 120 73 137 121
139 121 73 138 120
140 121 73 138 120
141 122 73 139 120
142 123 72 140 120
143 124 72 141 120
144 124 71 142 119
145 125 71 142 118
146 124 71 142 119
147 125 70 142 118
148 125 70 142 119
149 125 70 143 120
150 125 71 143 121
151 125 72 142 121
152 125 73 143 122
153 124 74 142 123
154 125 75 143 124
155 124 75 142 124
156 125 76 142 125
157 125 77 142 126
211 168 62 184 98
212 167 63 183 98
213 166 62 181 97
214 165 61 181 97
215 164 61 180 97
221 161 61 177 95
222 161 61 177 95
223 162 61 177 94
224 162 60 178 94
225 163 59 179 93
226 163 56 179 97
227 162 55 179 97
228 163 54 180 96
229 162 53 179 95
230 162 53 179 94
231 160 50 180 97
232 160 50 180 97
233 160 50 180 97
234 159 50 179 97
235 159 50 179 97
236 156 51 180 102
237 155 51 179 102
238 156 52 179 103
239 155 53 178 104
240 154 55 177 105
241 151 59 176 103
242 150 60 175 104
243 150 60 176 106
244 149 62 175 108
245 148 63 174 109
246 147 66 173 101
247 146 67 172 103
248 145 69 170 105
249 143 70 169 105
250 142 72 167 107
251 141 74 166 109
252 140 77 164 103
253 139 79 164 105
254 139 81 163 107
255 138 84 162 110
256 137 85 162 112
257 137 87 161 113
258 137 89 161 116
259 136 91 161 118
260 135 92 160 119
261 135 93 159 120
262 135 95 159 122
263 134 97 159 123
264 134 98 159 124
265 134 99 159 126
266 134 100 159 127
267 134 102 158 128
268 134 103 159 130
269 134 104 159 131
270 134 105 159 132
271 135 106 160 133
272 135 108 159 135
273 134 109 159 136
274 135 110 160 137
275 133 111 160 140
276 133 113 160 142
277 134 115 160 143
278 136 116 162 144
279 136 116 163 145
280 138 117 164 145
281 139 117 165 145
282 140 117 166 145
283 140 117 166 145
