8 195 119 236 211
9 196 119 237 211
10 197 118 238 210
11 198 117 239 209
12 197 112 246 198
13 200 110 249 197
14 204 110 253 196
15 203 112 252 197
16 205 106 250 180
17 203 106 249 181
18 205 106 250 181
19 202 105 247 180
20 201 103 248 181
21 189 97 253 181
22 191 95 256 181
23 189 93 256 181
24 191 92 259 182
25 189 91 259 182
26 187 91 257 191
27 186 92 256 190
28 188 92 257 190
29 184 91 254 190
30 187 90 256 189
31 194 94 252 194
32 193 92 252 193
33 196 91 255 194
34 194 91 253 195
35 197 91 257 197
36 195 91 256 196
37 205 91 255 187
38 202 90 253 187
39 204 90 256 188
40 203 90 255 187
41 214 90 255 184
42 212 90 254 186
43 210 92 254 192
44 209 92 255 198
45 210 94 257 202
46 211 97 259 207
47 209 98 257 208
48 209 99 257 208
49 209 100 257 210
50 207 101 254 208
51 207 104 244 206
52 202 98 241 205
53 200 103 237 203
54 196 102 233 202
55 191 100 228 201
56 181 103 223 196
57 181 103 222 195
58 179 102 220 194
59 179 103 219 191
60 182 106 220 193
61 177 103 219 194
62 178 104 220 194
63 180 106 222 196
64 181 109 222 197
65 184 109 225 197
66 187 111 230 202
67 184 110 228 203
68 181 108 227 205
69 184 111 229 207
70 186 108 231 204
71 191 105 236 201
72 202 103 250 197
73 207 104 255 197
74 211 101 259 195
75 212 97 261 192
76 217 100 258 186
77 210 99 254 189
78 203 101 246 189
79 194 105 237 194
80 193 104 235 190
81 183 103 236 188
82 183 96 238 185
83 182 89 237 177
84 183 83 240 174
85 186 79 243 172
86 188 77 245 170
87 190 76 247 168
88 192 72 241 168
89 193 75 239 166
90 192 78 237 166
91 191 80 237 170
92 192 91 236 177
93 189 93 227 181
94 190 98 228 185
95 190 101 228 188
96 191 103 229 190
97 200 103 230 198
98 201 107 232 204
99 202 112 232 205
100 200 118 230 209
101 199 123 229 215
102 204 124 230 217
103 202 125 229 222
104 204 127 231 224
105 203 128 230 225
106 204 128 231 225
107 203 130 241 222
108 204 130 241 220
109 204 129 241 217
110 205 128 241 215
111 206 125 242 212
112 204 129 241 202
113 203 127 240 200
114 202 126 239 198
115 204 125 240 196
116 205 123 240 193
117 196 119 238 192
118 200 119 242 191
119 204 120 246 192
120 210 121 250 193
121 213 123 255 195
122 213 115 253 188
123 211 116 250 188
124 213 117 253 189
125 212 118 252 190
126 216 118 255 190
127 216 115 249 183
128 216 115 250 184
129 217 115 252 186
130 219 114 253 184
131 220 116 255 187
132 223 117 258 188
133 225 118 259 188
134 226 119 260 189
135 226 119 261 191
136 228 122 258 184
137 228 123 258 184
138 229 123 259 185
139 230 123 261 185
140 231 121 262 184
141 221 124 261 180
142 223 122 263 178
143 223 123 262 177
144 224 122 264 176
145 224 121 263 175
146 222 125 263 178
147 220 124 261 177
148 221 123 263 177
149 219 123 260 175
150 221 122 261 174
151 224 123 260 186
152 225 120 261 183
153 224 119 259 182
154 226 117 261 180
155 224 117 261 181
156 230 114 258 186
157 230 113 259 185
158 230 114 258 184
159 231 114 258 183
160 231 113 258 182
161 233 110 256 176
162 234 109 257 175
163 235 108 259 176
164 235 106 260 175
165 236 104 261 174
166 230 103 268 177
167 230 102 267 175
168 229 103 265 174
169 230 103 266 175
170 229 104 265 175
171 227 106 266 181
172 227 109 263 178
173 225 108 261 178
174 223 108 259 178
175 222 107 259 178
176 214 105 258 186
177 213 103 258 186
178 210 102 256 186
179 208 102 253 184
180 208 103 253 185
181 209 99 248 192
182 209 98 247 191
183 207 99 245 190
184 207 99 245 189
185 206 99 244 190
186 205 99 245 196
187 205 99 246 197
188 205 98 245 198
189 203 98 244 200
190 205 99 247 201
191 211 102 250 195
192 213 103 251 194
193 212 104 250 194
194 210 104 249 195
195 209 106 248 198
196 211 105 246 187
197 211 105 246 187
198 212 104 248 187
199 213 103 249 186
200 213 102 248 184
201 204 97 251 182
202 202 98 248 183
203 202 99 247 182
204 201 99 246 182
205 197 98 242 181
206 198 98 239 171
207 196 97 237 171
208 196 98 237 172
209 196 98 237 171
210 195 98 237 171
211 200 101 234 164
212 200 103 232 163
213 200 107 232 166
214 200 110 232 169
215 201 114 233 173
216 207 119 231 173
217 206 123 230 178
218 205 125 230 180
219 205 127 230 183
220 204 128 229 184
221 207 132 229 188
222 208 132 230 189
223 207 132 229 188
224 208 133 230 188
225 209 134 230 188
226 209 138 232 189
227 209 139 232 189
228 210 139 232 189
229 210 139 232 189
230 209 139 231 188
231 206 141 232 195
232 204 142 230 194
233 204 140 230 196
234 201 139 228 196
235 199 138 226 194
236 191 135 226 198
237 189 135 224 198
238 187 136 222 197
239 186 136 221 198
240 185 137 220 198
241 182 138 219 210
242 183 138 221 210
243 183 137 220 209
244 184 137 221 210
245 182 137 220 211
246 187 136 225 219
247 189 136 228 220
248 192 136 231 222
249 195 135 234 221
250 199 136 236 218
251 207 136 240 217
252 208 137 242 218
253 209 135 243 217
254 209 134 242 215
255 210 132 243 214
256 213 131 247 214
257 213 129 247 213
258 213 125 249 211
259 214 124 250 211
260 214 122 249 210
261 218 116 248 207
262 218 116 248 205
263 218 116 247 205
264 218 116 247 203
265 218 113 247 202
266 211 112 243 192
267 210 115 241 194
268 208 114 240 195
269 206 115 238 196
270 204 113 238 197
271 196 114 234 201
272 195 114 233 202
273 196 114 234 202
274 194 115 232 200
275 195 116 232 199
276 190 125 224 203
277 187 124 221 204
278 186 125 219 202
279 183 124 216 201
280 181 122 215 201
281 180 123 213 202
282 177 120 210 200
283 178 121 211 198
284 179 119 212 197
285 180 117 212 194
286 184 114 212 185
287 183 112 211 183
288 183 109 211 180
289 182 107 210 178
290 180 107 207 177
291 179 104 202 169
292 175 102 198 169
293 172 100 196 167
294 175 95 200 167
295 175 92 200 163
296 169 90 194 154
297 169 89 194 152
298 169 88 194 151
299 167 89 191 149
300 165 89 189 151
301 157 93 186 147
302 155 93 185 147
303 154 92 183 146
304 151 91 181 146
305 151 91 181 146
306 148 97 181 145
307 146 97 179 143
308 146 96 179 143
309 144 97 177 143
310 143 98 175 144
311 143 100 177 144
312 141 102 176 146
313 139 103 174 147
314 137 104 171 148
315 135 104 170 149
316 138 103 170 151
317 139 102 172 150
318 137 101 170 150
319 138 100 171 149
320 137 100 169 148
321 138 94 170 154
322 137 95 167 152
323 137 96 167 153
324 135 96 166 153
325 134 96 165 153
326 134 95 164 153
327 133 93 165 167
328 133 92 166 168
329 131 92 165 170
330 131 92 166 172
331 133 91 168 172
332 132 91 172 184
333 132 93 172 186
334 132 97 172 188
335 135 99 175 191
336 140 105 173 195
337 141 108 175 198
338 143 110 176 200
339 145 110 178 202
340 148 110 182 200
341 158 111 186 197
342 162 110 191 195
343 168 110 197 197
344 170 108 200 196
345 169 108 197 193
346 173 105 199 187
347 171 104 197 186
348 168 107 193 185
349 164 107 190 186
350 161 108 186 184
351 154 101 184 186
352 151 100 181 185
353 149 99 179 184
354 147 99 177 185
355 146 98 176 185
356 138 97 177 189
357 137 97 176 188
358 139 98 177 188
359 137 99 175 186
360 136 99 174 187
361 134 105 175 196
362 132 105 173 195
363 129 104 169 193
364 131 104 170 191
365 134 101 173 187
366 130 96 175 188
367 132 96 176 187
368 134 95 179 188
369 139 96 185 190
370 146 98 191 189
371 152 91 192 189
372 155 93 196 194
373 154 95 196 199
374 153 98 196 205
375 154 100 198 209
376 151 93 198 205
377 151 94 200 210
378 149 94 199 212
379 153 96 201 211
380 152 98 200 212
381 152 106 195 200
382 151 106 194 200
383 149 108 192 201
384 147 109 189 201
385 145 107 187 200
386 147 115 181 191
387 148 112 183 188
388 148 106 183 184
389 148 102 184 180
390 149 97 185 175
391 153 101 183 165
392 154 95 185 161
393 158 90 188 155
394 161 88 191 151
395 165 87 195 150
396 170 88 196 142
397 170 89 196 142
398 171 90 197 143
399 170 90 197 145
400 169 93 195 148
401 160 97 196 156
402 157 102 192 160
403 154 106 189 163
404 150 109 185 166
405 145 113 180 170
406 136 119 174 180
407 133 125 171 185
408 131 127 166 183
409 130 129 165 185
410 130 129 166 186
411 129 131 163 199
412 132 132 165 197
413 133 127 167 195
414 136 124 171 193
415 138 122 172 190
416 143 116 175 194
417 144 113 176 191
418 147 111 179 189
419 149 109 181 186
420 151 109 183 184
421 156 102 185 188
422 156 100 186 188
423 156 96 187 186
424 157 94 188 186
425 159 94 189 184
426 158 83 193 187
427 155 82 191 188
428 155 81 191 187
429 152 82 188 186
430 151 83 186 187
431 148 81 185 192
432 148 82 183 189
433 146 82 182 191
434 143 83 177 188
435 140 80 176 193
436 135 81 179 191
437 132 79 177 191
438 132 79 176 190
439 134 78 177 187
440 135 78 178 187
441 139 79 177 174
442 140 76 178 172
443 142 75 178 166
444 143 74 179 164
445 142 72 179 165
446 142 75 179 153
447 143 74 181 154
448 144 73 182 153
449 147 72 185 154
450 150 72 188 154
451 157 78 188 151
452 159 81 191 154
453 157 85 189 159
454 158 92 190 166
455 158 96 191 169
456 163 99 191 178
457 162 100 190 181
458 165 101 192 181
459 163 101 191 184
460 162 101 191 185
461 162 90 191 195
462 162 91 190 195
463 162 93 190 196
464 162 95 189 197
465 160 98 188 201
466 156 90 188 204
467 154 91 186 205
468 152 93 185 210
469 150 94 183 212
470 148 94 181 211
471 141 85 180 206
472 141 86 181 207
473 140 86 179 208
474 141 86 181 208
475 141 84 181 208
476 142 92 185 197
477 141 93 183 198
478 143 93 186 198
479 141 92 183 197
480 140 92 183 198
481 143 105 182 187
482 144 103 182 186
483 144 101 183 183
484 142 101 179 180
485 143 100 180 179
486 148 113 179 177
487 147 109 179 174
488 146 108 178 173
489 149 108 181 172
490 152 104 183 169
491 160 103 186 168
492 162 101 187 166
493 163 98 189 162
494 162 98 188 162
495 164 98 189 162
496 169 94 191 165
497 169 93 191 165
498 169 92 191 165
499 168 92 190 164
500 168 92 191 164
501 164 89 193 166
502 165 89 195 167
503 165 90 194 167
504 166 90 196 166
505 166 89 196 166
506 165 86 198 166
507 163 84 196 166
508 164 84 197 165
509 162 83 196 163
510 163 82 196 162
511 163 71 194 165
512 161 71 192 163
513 159 73 189 163
514 157 77 187 165
515 155 76 184 164
516 155 82 178 165
517 153 82 175 163
518 150 84 172 164
519 148 81 170 162
520 146 82 168 163
521 136 89 165 164
522 134 88 163 164
523 132 87 162 163
524 131 86 161 162
525 131 87 160 161
526 124 84 158 161
527 123 85 156 161
528 123 86 155 161
529 122 85 155 161
530 121 85 154 161
531 121 77 153 164
532 122 77 155 165
533 123 77 156 164
534 123 80 155 164
535 125 85 156 168
536 132 85 159 173
537 134 90 162 180
538 137 96 164 185
539 142 100 169 187
540 148 104 175 192
541 149 106 184 202
542 149 107 184 204
543 150 105 185 205
544 147 102 183 202
545 146 97 183 198
546 147 101 188 200
547 149 97 189 194
548 148 92 189 190
549 149 88 188 183
550 148 87 186 179
551 149 94 183 171
552 146 93 180 169
553 147 91 181 168
554 144 91 178 167
555 143 90 176 167
556 135 87 161 158
557 130 85 155 157
558 127 83 152 154
559 123 77 149 149
560 120 72 145 143
561 114 66 140 140
562 113 89 139 161
563 113 92 138 163
564 113 102 139 173
565 115 100 140 173
566 114 106 140 178
567 114 104 140 177
568 113 107 139 179
569 113 94 139 167
570 111 94 137 167
571 113 95 139 168
571 222 20 292 170
572 112 94 138 168
572 219 25 289 174
573 111 100 137 173
573 217 28 284 173
574 111 101 137 174
574 213 34 280 176
575 111 100 137 173
575 215 49 280 189
576 112 96 138 169
577 112 90 138 162
578 113 89 139 162
579 112 80 138 153
580 113 89 139 162
581 113 95 139 167
582 113 95 139 168
583 113 96 139 169
584 114 95 140 169
585 186 95 231 242
586 188 92 232 235
587 191 89 236 234
588 194 85 238 229
589 199 82 242 222
590 189 70 244 224
591 196 74 248 220
592 193 74 245 219
593 193 73 247 223
594 191 81 245 231
595 173 93 238 224
596 169 96 235 228
597 171 97 236 230
598 166 97 232 230
