9 196 120 237 212
10 198 118 239 210
11 199 117 240 210
12 200 108 241 199
13 204 110 243 198
14 207 108 246 197
15 207 108 247 197
16 206 108 245 197
17 205 109 244 197
18 207 102 242 180
19 206 101 242 180
20 204 99 240 180
21 203 98 240 180
22 195 93 248 179
23 195 92 248 179
24 196 91 249 178
25 196 91 249 177
26 197 91 251 178
27 200 94 259 188
28 199 94 257 187
29 198 93 257 186
30 198 93 256 185
31 201 93 257 183
32 206 101 257 187
33 207 99 259 187
34 207 100 259 188
35 207 99 261 189
36 207 99 261 190
37 210 93 261 195
38 209 93 259 194
39 209 93 260 195
40 211 92 262 195
41 210 92 261 193
42 212 86 257 197
43 210 91 255 201
44 209 89 257 206
45 210 92 259 211
46 208 93 257 215
47 206 96 253 212
48 204 97 251 211
49 206 100 251 211
50 203 99 248 210
51 200 100 247 216
52 202 106 239 204
53 198 106 234 202
54 194 104 231 201
55 189 101 227 202
56 185 98 224 201
57 184 96 224 202
58 183 93 225 203
59 181 93 223 203
60 181 97 222 207
61 182 98 224 209
62 183 100 224 209
63 182 103 223 212
64 183 105 225 216
65 187 107 229 217
66 188 104 231 216
67 186 103 229 217
68 183 100 227 216
69 186 99 230 216
70 186 98 231 216
71 188 97 234 217
72 196 99 241 218
73 199 102 244 221
74 203 98 248 217
75 204 91 249 210
76 201 88 247 209
77 197 87 243 207
78 191 86 236 205
79 185 84 230 205
80 180 86 226 206
81 178 84 224 204
82 177 80 222 198
83 177 73 222 194
84 178 66 223 185
85 180 62 225 180
86 182 59 227 178
87 183 59 228 177
88 186 58 231 177
89 186 58 232 179
90 186 60 232 182
91 184 65 231 187
92 183 75 229 195
93 184 78 230 200
94 184 81 230 204
95 187 84 233 206
96 188 87 233 208
97 187 91 233 214
98 189 94 236 218
99 188 98 235 222
100 187 104 233 228
101 185 108 232 232
102 185 111 231 235
103 187 113 234 238
104 186 115 233 240
105 186 116 233 240
106 184 116 231 241
107 184 116 231 241
108 183 115 230 240
109 184 114 232 239
110 186 111 233 237
111 185 109 233 234
112 185 107 232 232
113 185 105 232 229
114 184 103 232 227
115 186 101 233 225
116 187 99 234 224
117 188 98 236 224
118 191 98 239 224
119 195 99 242 225
120 198 101 246 227
121 203 105 251 231
122 207 106 255 232
123 211 105 258 231
124 215 106 263 231
125 220 110 268 236
126 224 108 272 234
127 231 112 279 239
128 234 114 282 240
129 238 113 286 238
130 244 117 292 242
131 249 116 296 242
132 254 118 301 244
133 258 119 306 245
134 263 120 311 247
135 267 119 315 245
136 272 120 319 247
137 276 122 324 248
138 280 123 328 249
139 285 125 333 251
140 290 123 337 249
141 294 122 342 248
142 298 123 346 249
143 303 122 351 248
144 307 120 354 246
145 310 119 358 245
146 313 118 361 243
147 317 119 364 245
148 320 118 368 244
149 325 116 373 242
150 329 118 377 244
151 331 118 379 245
152 330 115 378 243
153 331 112 380 241
154 330 111 379 240
155 332 111 381 240
156 331 109 380 240
157 330 108 380 239
158 332 107 381 239
159 330 107 380 239
160 331 107 381 239
161 331 106 381 239
162 330 106 380 239
163 330 106 381 239
164 332 106 382 239
165 329 105 380 239
166 332 105 383 239
167 329 104 380 238
168 332 104 383 239
169 329 104 380 239
170 332 105 382 238
171 329 104 380 238
172 332 106 382 239
173 329 108 379 240
174 332 108 382 240
175 331 110 380 242
176 331 111 381 243
177 332 111 382 244
178 330 112 380 246
179 331 112 382 246
180 330 111 381 245
181 331 108 382 244
182 330 106 382 241
183 330 104 381 240
184 331 104 383 240
185 329 103 380 240
186 331 104 383 241
187 329 103 380 240
188 331 103 383 240
189 329 104 381 241
190 330 107 381 244
191 329 112 381 249
192 330 125 381 262
193 329 129 381 265
194 329 134 380 270
195 331 135 383 272
196 328 135 380 271
197 331 137 383 274
198 329 137 381 274
199 329 139 381 275
200 330 139 382 276
201 328 140 380 277
202 331 141 383 279
203 329 142 381 280
204 329 142 382 280
205 329 143 382 283
206 327 144 381 285
207 330 144 384 285
208 328 152 382 294
209 329 154 383 296
210 327 155 381 297
211 328 140 382 283
212 328 131 383 276
213 330 130 384 275
214 330 125 385 270
215 327 123 382 268
216 329 128 384 274
217 327 134 382 279
218 329 135 385 281
219 326 136 382 283
220 324 136 380 283
221 327 137 383 285
222 324 137 380 284
223 328 140 384 288
224 324 135 380 283
225 328 138 384 287
226 325 137 381 286
227 325 138 382 287
228 327 137 384 287
229 324 136 380 286
230 328 134 385 284
231 325 133 382 284
232 325 135 383 286
233 323 136 381 287
234 328 134 385 285
235 325 134 382 285
236 325 136 382 286
237 326 136 383 287
238 327 137 384 288
239 323 136 381 288
240 327 138 384 289
241 323 140 381 291
242 327 140 384 291
243 323 142 381 293
244 328 140 385 291
245 325 140 382 291
246 327 140 384 291
247 324 139 381 290
248 327 137 384 288
249 324 136 381 287
250 327 134 384 285
251 325 129 382 279
252 327 126 383 276
253 324 124 380 273
254 327 122 383 271
255 324 120 380 269
256 327 118 383 267
257 324 116 380 265
258 327 115 383 263
259 324 114 380 262
260 327 113 383 261
261 324 113 380 260
262 327 114 383 260
263 326 114 381 260
264 329 113 384 259
265 327 115 382 259
266 330 115 385 260
267 327 114 382 260
268 330 117 385 262
269 327 117 382 262
270 330 119 385 264
271 327 119 382 264
272 330 121 384 265
273 327 119 382 264
274 327 123 382 267
275 328 124 383 269
276 328 124 383 269
277 328 124 383 270
278 329 124 384 271
279 326 126 381 272
280 327 126 383 272
281 328 126 383 272
282 326 126 381 272
283 327 125 383 272
284 327 124 382 271
285 326 122 382 270
286 328 120 384 269
287 327 118 383 267
288 325 113 382 262
289 327 111 384 261
290 324 110 381 260
291 327 111 384 262
292 324 109 381 260
293 327 111 384 262
294 325 106 382 256
295 327 102 384 254
296 324 100 381 252
297 327 98 384 250
298 324 98 381 250
299 327 99 385 252
300 324 97 382 251
301 326 98 385 253
302 326 97 385 252
303 326 97 384 251
304 325 97 383 252
305 325 97 384 252
306 325 97 384 252
307 325 97 383 252
308 325 97 384 253
309 324 97 383 254
310 324 98 383 255
311 325 100 384 257
312 326 102 385 259
313 322 103 382 262
314 325 104 386 263
315 323 104 384 264
316 325 104 386 263
317 322 103 382 262
318 325 104 386 262
319 322 103 382 262
320 325 103 386 264
321 324 102 386 264
322 322 102 384 266
323 324 102 386 267
324 322 102 384 267
325 322 102 385 268
326 324 102 388 269
327 321 103 384 271
328 324 104 388 273
329 321 102 385 272
330 324 101 389 272
331 321 101 385 272
332 323 99 388 271
333 321 100 386 273
334 322 101 387 273
335 322 102 388 274
336 320 104 386 276
337 322 109 388 282
338 320 110 386 285
339 323 111 390 286
340 321 111 388 288
341 323 109 390 287
342 319 107 387 286
343 321 113 389 291
344 321 112 388 290
345 323 112 390 289
346 319 112 387 290
347 323 113 390 292
348 319 113 387 292
349 322 115 391 295
350 320 116 389 296
351 321 115 390 298
352 319 117 388 300
353 320 116 390 301
354 321 115 392 303
355 318 114 389 302
356 322 116 393 305
357 318 114 389 303
358 320 114 392 303
359 318 114 390 303
360 319 114 391 304
361 320 114 392 305
362 318 114 390 306
363 320 113 393 305
364 320 110 392 302
365 319 107 392 298
366 322 107 394 298
367 318 107 390 298
368 321 105 392 294
369 321 104 392 292
370 320 103 391 290
371 322 105 392 292
372 318 103 389 290
373 320 108 391 295
374 318 112 389 298
375 322 114 393 301
376 318 114 389 302
377 320 118 391 307
378 317 121 389 311
379 321 121 394 313
380 318 122 391 315
381 319 122 392 316
382 320 123 393 317
383 318 124 391 318
384 322 125 395 319
385 318 125 391 319
386 321 124 395 320
387 318 120 392 316
388 322 122 396 319
389 320 115 394 311
390 319 110 393 308
391 318 108 393 306
392 320 105 395 304
393 318 98 393 296
394 316 99 391 297
395 320 99 395 299
396 319 97 395 299
397 316 99 392 301
398 321 101 396 302
399 316 99 393 301
400 320 99 398 305
401 315 103 394 310
402 315 109 393 316
403 318 110 398 321
404 315 114 395 324
405 316 117 395 326
406 316 119 396 329
407 317 122 396 333
408 317 124 397 335
409 317 125 397 336
410 315 127 395 338
411 319 129 399 340
412 315 128 395 340
413 317 120 398 333
414 316 118 397 332
415 315 114 397 329
416 318 114 399 330
417 313 111 395 328
418 317 103 400 321
419 315 106 397 323
420 318 106 400 322
421 313 105 395 322
422 317 98 400 316
423 315 101 397 319
424 316 101 398 319
425 313 103 395 320
426 318 104 399 319
427 313 105 395 321
428 318 106 399 321
429 313 107 394 321
430 318 109 398 322
431 313 108 394 321
432 319 105 400 320
433 315 109 396 323
434 319 111 400 326
435 315 109 396 323
436 319 108 400 324
437 314 108 396 323
438 319 109 400 324
439 314 109 395 324
440 317 109 398 324
441 316 108 398 324
442 315 106 397 323
443 318 103 400 320
444 313 104 395 321
445 316 103 398 320
446 316 102 398 319
447 313 103 396 321
448 318 103 400 322
449 313 105 396 324
450 317 104 401 324
451 315 104 399 326
452 316 105 400 326
453 312 106 395 327
454 316 108 401 330
455 312 107 396 329
456 317 110 401 330
457 317 110 400 329
458 317 109 400 328
459 317 107 400 325
460 315 108 397 326
461 316 109 399 327
462 315 106 398 324
463 316 108 399 325
464 314 110 396 325
465 315 112 397 327
466 318 112 399 327
467 314 112 395 327
468 318 113 399 328
469 314 113 395 327
470 318 114 399 327
471 316 116 396 329
472 317 118 397 331
473 318 120 398 332
474 315 121 395 333
475 316 122 396 334
476 317 124 397 335
477 317 123 396 334
478 318 126 397 335
479 317 126 396 335
480 315 128 394 337
481 319 130 398 339
482 315 128 394 336
483 317 125 397 335
484 316 123 396 334
485 317 123 398 336
486 316 122 397 336
487 315 118 397 333
488 318 117 400 335
489 313 114 396 334
490 317 116 401 337
491 318 110 402 331
492 314 108 398 327
493 317 105 400 325
494 317 103 400 324
495 313 103 396 322
496 317 103 400 322
497 315 103 398 323
498 316 103 400 324
499 316 103 399 324
500 317 103 400 323
501 316 103 400 323
502 316 102 399 322
503 313 102 397 323
504 318 105 402 325
505 314 99 398 322
506 316 98 401 324
507 315 97 401 323
508 315 97 401 323
509 314 95 400 323
510 317 95 403 324
511 313 95 399 322
512 314 95 401 323
513 312 96 398 323
514 317 95 403 323
515 310 90 399 325
516 316 95 404 326
517 310 90 400 326
518 316 95 404 328
519 310 89 400 328
520 312 93 401 328
521 313 96 401 329
522 311 98 398 328
523 316 97 403 328
524 313 100 399 327
525 316 99 402 327
526 313 98 400 328
527 314 98 401 328
528 315 99 402 329
529 311 98 398 329
530 315 97 403 329
531 309 92 399 331
532 315 97 404 331
533 310 96 400 332
534 314 96 405 335
535 311 98 403 340
536 311 97 405 342
537 312 98 406 345
538 309 98 403 345
539 314 98 408 346
540 309 93 403 341
541 312 92 406 342
542 309 92 403 343
543 311 92 407 345
544 310 89 407 343
545 310 87 406 341
546 313 85 409 341
547 307 85 404 342
548 310 81 408 338
549 309 80 407 338
550 309 77 407 337
551 312 75 411 337
552 307 74 406 335
553 309 77 407 336
554 308 76 407 336
555 310 79 408 336
556 308 80 406 338
557 309 82 407 340
558 307 80 406 340
559 311 75 409 335
560 309 71 408 333
561 306 71 405 334
562 311 71 411 336
563 308 75 408 339
564 311 71 412 338
565 311 64 413 333
566 306 69 407 338
567 309 63 411 335
568 308 62 411 334
569 309 63 412 336
570 305 64 409 338
571 311 67 415 341
572 305 64 409 338
573 310 56 415 332
574 304 54 410 332
575 303 60 408 338
576 309 61 415 341
577 303 58 409 339
578 308 59 415 340
579 302 58 409 341
580 308 58 416 342
581 304 62 412 345
582 305 65 413 350
583 304 64 412 348
584 305 65 413 349
585 301 64 409 349
586 306 61 417 352
587 306 58 415 348
588 305 54 414 343
589 308 52 418 345
590 301 55 408 336
591 304 59 412 346
592 305 59 414 345
593 303 63 409 344
594 310 68 414 344
595 305 75 408 347
596 311 75 413 344
597 308 80 406 338
598 309 83 407 342
